211251
191892
211190
203747
203472
211123
201708
183305
191814
213128
191615
203211
203790
203608
203689
191324
203704
201040
203410
191748
213102
181884
211617
191888
203171
213598
203855
181599
201404
193631
193544
193350
191541
201849
183862
181324
211059
183456
191614
193441
183181
193848
191550
193170
213772
211888
191741
181327
193325
191487
193177
191766
203197
193236
193729
183563
183076
191248
213219
191031
211724
193798
213041
203888
181367
211413
193317
183533
193872
211682
183504
193219
183896
183296
191186
201536
201030
193186
191469
201882
191080
193280
191628
213534
181584
183140
181436
191722
201092
191346
213199
211577
191871
183536
211347
203122
191524
201716
213837
203708
